0.047619047619047616 0.0 1735.693249186644 0.35517519413910814 0.0 0.0 0.0 0.0 0.0 0.0 0.0 138.03894675994147 0.0 0.0 3.6477944432860557e-19 0.0 0.0 0.0 0.0
0.04775329053857571 0.0 1721.0964535141989 0.35207611332623956 0.0 0.0 0.0 0.0 0.0 0.0 0.0 136.87806088473062 0.0 0.0 3.5972665944964717e-19 1.2208620057887993e-08 2.6600457208036036e-26 -4.999117058804372e-27 2.2116036967269183e-25
0.04788734393047119 0.0 1706.683138375048 0.3490170933477825 0.0 0.0 0.0 0.0 0.0 0.0 0.0 135.73176733837795 0.0 0.0 3.54764526427762e-19 2.4347302021402127e-08 5.304852383996486e-26 -9.929528210365553e-27 4.40182844297432e-25
0.04802120886230758 0.0 1692.4502399961987 0.3459974497001533 0.0 0.0 0.0 0.0 0.0 0.0 0.0 134.59982245574184 0.0 0.0 3.4989105102770327e-19 3.6416750178767145e-08 7.934573457653054e-26 -1.4792454876954606e-26 6.570968441733805e-25
0.048154886391192184 0.0 1678.3947583102415 0.3430165123968296 0.0 0.0 0.0 0.0 0.0 0.0 0.0 133.48198763827642 0.0 0.0 3.451042909138754e-19 4.841765871855534e-08 1.0549360208958256e-25 -1.9589091874762867e-26 8.719312652057015e-25
0.0591715976331361 0.0 904.6433536248513 0.18054867910936437 0.0 0.0 0.0 0.0 0.0 0.0 0.0 71.94553834050384 0.0 0.0 1.2417077843233923e-19 0.0 0.0 0.0 0.0
0.05929198532893012 0.0 899.1441513574005 0.17941355522216326 0.0 0.0 0.0 0.0 0.0 0.0 0.0 71.50818833939691 0.0 0.0 1.2292347597381962e-19 7.834519069199216e-09 1.706973989165218e-26 -1.7099036202651214e-27 1.043635216830831e-25
0.05941225046973045 0.0 893.6949612745545 0.17828902124056148 0.0 0.0 0.0 0.0 0.0 0.0 0.0 71.0748158143848 0.0 0.0 1.216924172887982e-19 1.5636998076143986e-08 3.406966899685177e-26 -3.402699833954513e-27 2.0799487061001543e-25
0.05953239355467464 0.0 888.2951785262866 0.17717494638539746 0.0 0.0 0.0 0.0 0.0 0.0 0.0 70.64537266144458 0.0 0.0 1.2047734272019954e-19 2.3407668232920412e-08 5.100029111255832e-26 -5.078610214540642e-27 3.1090136658233155e-25
0.05965241507936187 0.0 882.9442073814904 0.17607120188480707 0.0 0.0 0.0 0.0 0.0 0.0 0.0 70.21981150178834 0.0 0.0 1.192779975262899e-19 3.114675836969575e-08 6.786210484547763e-26 -6.737852815999319e-27 4.130902345213084e-25
0.047619047619047616 0.0 1735.693249249332 0.35517513145095936 0.0 0.0 0.0 0.0 0.0 0.0 0.0 138.03894675994147 0.0 0.0 3.6477940765151787e-19 0.0 0.0 0.0 0.0
0.04775329053857571 0.0 1721.0964535763264 0.3520760511980519 0.0 0.0 0.0 0.0 0.0 0.0 0.0 136.87806088473062 0.0 0.0 3.5972662327802546e-19 1.2208616490071529e-08 2.660044943424408e-26 -4.999116274993568e-27 2.211603474351272e-25
0.04788734393047119 0.0 1706.6831384366228 0.34901703177218574 0.0 0.0 0.0 0.0 0.0 0.0 0.0 135.73176733837795 0.0 0.0 3.5476449075258274e-19 2.43472949071368e-08 5.304850833894101e-26 -9.929526653393529e-27 4.401828000357079e-25
0.04802120886230758 0.0 1692.4502400572283 0.3459973886699051 0.0 0.0 0.0 0.0 0.0 0.0 0.0 134.59982245574184 0.0 0.0 3.4989101584014067e-19 3.641673953919871e-08 7.934571139435148e-26 -1.4792452557284042e-26 6.570967780979862e-25
0.048154886391192184 0.0 1678.394758370733 0.34301645190481267 0.0 0.0 0.0 0.0 0.0 0.0 0.0 133.48198763827642 0.0 0.0 3.4510425620529586e-19 4.8417644574611014e-08 1.0549357127184863e-25 -1.958908880267356e-26 8.71931177524262e-25
0.0591715976331361 0.0 904.643353738681 0.18054856527962435 0.0 0.0 0.0 0.0 0.0 0.0 0.0 71.94553834050384 0.0 0.0 1.2417076517620852e-19 0.0 0.0 0.0 0.0
0.05929198532893012 0.0 899.144151470493 0.17941344212935373 0.0 0.0 0.0 0.0 0.0 0.0 0.0 71.50818833939691 0.0 0.0 1.2292346284669798e-19 7.834509695409276e-09 1.706971946810742e-26 -1.7099025703048475e-27 1.0436351053975937e-25
0.05941225046973045 0.0 893.6949613869172 0.17828890887765195 0.0 0.0 0.0 0.0 0.0 0.0 0.0 71.0748158143848 0.0 0.0 1.2169240428906042e-19 1.5636979368898022e-08 3.406962823764451e-26 -3.4026977446851255e-27 2.0799484839805785e-25
0.05953239355467464 0.0 888.2951786379263 0.17717483474544599 0.0 0.0 0.0 0.0 0.0 0.0 0.0 70.64537266144458 0.0 0.0 1.2047732984624543e-19 2.3407640232250867e-08 5.100023010491395e-26 -5.0786070964737535e-27 3.109013333757187e-25
0.05965241507936187 0.0 882.9442074924139 0.1760710909609587 0.0 0.0 0.0 0.0 0.0 0.0 0.0 70.21981150178834 0.0 0.0 1.1927798477654402e-19 3.11467211153368e-08 6.786202367597159e-26 -6.737848679509236e-27 4.1309019039331674e-25
